11239900
10308200
11038500
11826100
12353600
12425800
12934500
12940400
11569000
12388300
11779200
13003500
11821000
11194100
10741900
4553700
4521610
5673620
7781620
8092340
7195800
8908380
8918160
9779780
8813480
7995520
10861300
10928000
11841700
12752900
13624600
13491300
12607700
12894400
12776300
13078700
11939300
11621600
13673600
13140400
13435500
13374800
14103700
13952100
13356100
25745.8
21054.6
20504.2
20991.8
23659.1
23663.3
24765.7
25545.9
24431.6
26567.1
27266.7
27311.6
24694.1
25629.5
21907.1
14134.8
17524.1
21249.5
25632.9
26338.9
28338.1
96969.6
92116.4
118817
122089
103098
104951
111925
120072
107456
101620
105049
114198
118918
99379.2
106911
94370.9
103224
122039
110250
129269
96464.6
129661
125153
112921
241035
201408
255792
266349
265509
263865
269502
258018
272229
285467
291020
285156
243240
199481
266383
291135
298033
326560
302940
283219
291726
374660
361089
354327
320003
289444
358802
388737
361553
382167
388099
404082
394186
420977
424726
401549
355249
313272
393593
358168
356934
332583
360808
389775
466043
2347050
2074450
2247300
2427660
2602140
2679390
2764280
2735940
2489500
2470240
2268710
2588680
2400120
1995040
1678070
769627
926021
973397
1089010
1133560
1196360
1303540
1387940
1478450
1504880
1344510
1643750
1606290
1659400
1708990
1823450
1812720
1709650
1778310
1752330
1897610
1882860
1692750
1993300
2071870
2226050
2235740
2410020
2360170
2188690
2327430
2061610
2226480
2429300
2602390
2675850
2794420
2753660
2489270
2469330
2247510
2426890
2343600
1999920
1700540
758391
907551
947592
1032520
1080160
1155700
1272870
1358320
1450150
1450600
1310110
1588380
1566830
1605010
1660490
1772810
1769240
1671720
1719960
1691500
1837430
1847520
1656660
1962850
2040470
2188470
2000210
2391300
2352660
2146620
249705
221604
240305
298054
305831
279292
328034
339016
302452
325122
294282
286788
273366
246780
280919
310508
314976
306223
309988
326367
313565
324406
338458
387039
376917
301884
364495
371144
373732
334164
312501
333696
337957
347900
343543
324334
298344
284997
336771
339944
337337
315150
346183
344191
324545
4043790
3658590
3868980
4341050
4580640
4565630
4774300
4761650
4453700
4413300
3925440
4546340
4118670
3439220
2764310
1107820
1543030
1581390
1596640
1629890
1660070
1849890
2040840
2018520
1813380
1627250
1973750
1955560
2064940
2147080
2448700
2612860
2577570
2703170
2773060
2996720
2678200
2280250
2816830
2942740
3146800
3012440
3322190
3344960
3269570
16189900
14686900
15773100
17002100
17887600
18084000
18846000
18794500
16874600
17679600
16617000
18333200
16862800
15461500
14423300
6406360
6687690
7922080
10238800
10658800
9889770
11906200
12095000
13214200
12268000
11055100
14562900
14584100
15599900
16564000
17635000
17512000
16441200
16859500
16663100
17244900
16062400
15359200
18088500
17702900
18316600
18022400
19380900
19134300
18128800
4949110
4377960
4733810
5175180
5533310
5657490
5910800
5853470
5305030
5290580
4837050
5328560
5040250
4266310
3680520
1852270
2165450
2247400
2456030
2565560
2692950
2996820
3175630
3433160
3453510
3058420
3700320
3654970
3756920
3809930
4009010
4019090
3832160
3963960
3885630
4164290
4120420
3735540
4413390
4558520
4879940
4646090
5275570
5181170
4771720
241035
201408
255792
266349
265509
263865
269502
258018
272229
285467
291020
285156
243240
199481
266383
291135
298033
326560
302940
283219
291726
374660
361089
354327
320003
289444
358802
388737
361553
382167
388099
404082
394186
420977
424726
401549
355249
313272
393593
358168
356934
332583
360808
389775
466043
11481500
10510200
11294800
12093300
12620000
12690300
13204500
13199100
11841800
12674400
12071600
13290700
12065800
11395400
11010000
4845980
4821110
6002330
8086410
8378040
7489400
9285340
9282320
10136900
9136570
8287370
11222600
11318900
12205600
13136800
14014900
13897100
13004100
13317300
13203500
13482700
12297300
11937700
14072600
13503500
13797800
13714900
14469600
14346700
13825700
6399780
5740150
6126880
6779620
7196210
7258570
7555230
7513880
6961400
6898340
6209510
7151060
6534150
5450100
4456090
1883020
2474890
2563290
2695000
2776470
2869990
3167640
3446640
3517750
3339290
2989860
3645090
3592480
3757070
3886570
4299640
4449580
4310670
4512160
4563390
4941110
4608030
4023520
4875780
5095030
5457670
5369790
5853300
5822440
5578190